
Number of iterations: 7
Within cluster sum of squared errors: 90.77086691086697
Cluster centroids:
			Cluster#
Attribute       (0)   (1)   (2)   (3)   (4)   (5)   (6)   
                 13    15     5    25    12    21     9
==========================================================================
Home           0.85  0.07  1.00  0.88  0.50  0.29  1.00  
Products       0.46  1.00  0.00  1.00  0.00  1.00  0.56  
Search         0.23  0.33  0.60  0.32  0.50  0.48  0.89  
Prod_A         1.00  0.00  0.00  1.00  1.00  0.14  0.00  
Prod_B         0.31  1.00  0.20  0.36  0.42  0.95  0.11  
Prod_C         0.23  0.67  0.00  0.44  0.33  0.67  0.33  
Cart           0.00  1.00  0.00  1.00  1.00  0.00  1.00  
Purchase       0.00  0.67  0.00  0.64  0.75  0.00  0.44  
-------------------------------------------------------------------------Data set after splitting 7 clusters